{
   "gruenbaum_2013_OH" : {
       "w10_0" : 3760.2,
       "w10_1" : -3541.7,
       "w10_2" : -152677,
       "x10_0" : 0.19285,
       "x10_1" : -1.7261e-5,
       "p10_0" : 1.6466,
       "p10_1" : 5.7692e-4,
       "w21_0" : 3606.0,
       "w21_1" : -3498.6,
       "w21_2" : -198715,
       "x21_0" : 0.26836,
       "x21_1" : -2.3788e-5,
       "p21_0" : 2.0160,
       "p21_1" : 8.7684e-4,
       "m0" : 0.1646,
       "m1" : 11.39,
       "m2" : 63.41,
       "v0" : -1361,
       "ve" : 27165,
       "vp" : -1.887,
       "td" : 0.67,
       "tbp" : 5.6
   },

   "ni_2015_HOH" : {
       "w10_0" : 1581.46,
       "w10_1" : 2938.51,
       "w10_2" : 0.0,
       "t10_0" : 0.220276,
       "t10_1" : -4.23217e-5,
       "w21_0" : 1551.32,
       "w21_1" : 3147.80,
       "w21_2" : 0.0,
       "t21_0" : 0.31143,
       "t21_1" : -6.00186e-5,
       "m0" : -0.32163,
       "m1" : 0.0,
       "m2" : 0.0,
       "axx": -0.220589,
       "ayy": 0.544310,
       "azz": 1.461042
   }
}
